Вариант 14


Матрица смежностей

  0 1 2 3 4 5 6
0 0 1 1 1 0 0 0
1 0 0 0 0 0 0 0
2 0 0 0 0 0 0 0
3 0 1 0 0 0 1 1
4 0 1 0 0 0 0 0
5 0 0 1 0 0 0 0
6 0 0 0 0 1 1 0


Матрица инцидентности

  0-1 0-2 0-3 3-1 3-5 3-6 4-1 5-2 6-4 6-5
0 -1  -1  -1   0   0   0   0   0   0   0 
1  1   0   0   1   0   0   1   0   0   0 
2  0   1   0   0   0   0   0   1   0   0 
3  0   0   1  -1  -1  -1   0   0   0   0 
4  0   0   0   0   0   0  -1   0   1   0 
5  0   0   0   0   1   0   0  -1   0   1 
6  0   0   0   0   0   1   0   0  -1  -1 


Список смежности вершин

0: 1 2 3
1: 
2: 
3: 1 5 6
4: 1
5: 2
6: 4 5
